    0 00000 0 0 16 10000 20 10
    1 00001 1 1 17 10001 21 11

    2 00010 2 2 18 10010 22 12
    3 00011 3 3 19 10011 23 13
    4 00100 4 4 20 10100 24 14

    5 00101 5 5 21 10101 25 15
    6 00110 6 6 22 10110 26 16
    7 00111 7 7 23 10111 27 17
    8 01000 10 8 24 11000 30 18

    9 01001 11 9 25 11001 31 19
    10 01010 12 A 26 11010 32 1A
    11 01011 13 B 27 11011 33 1B

    12 01100 14 C 28 11100 34 1C
    13 01101 15 D 29 11101 35 1D
    14 01110 16 E 30 11110 36 1E

    15 01111 17 F 31 11111 37 1F
